q2(3,20)

result =

     1    -1     7


q =

     1


x =

     1

invmodn(3,20)

ans =

     7

q2(789,2574)
No inverse of a

result =

     3    61  -199


q =

   -61


x =

   590

q2(79,2574)

result =

     1   -12   391


q =

    12


x =

    75

invmodn(79,2574)

ans =

   391

mod(ans,79)

ans =

    75

q2(43,257)

result =

     1    -1     6


q =

     1


x =

     6

invmodn(43,257)

ans =

     6

diary
